# SLAY Visualization Data Log
# Generated: 2026-01-28T05:46:05.862883
# Description: Attention output comparison: YAT vs Spherical YAT vs SLAY
#============================================================

## sequence_length
# Value: 64

## embedding_dim
# Value: 32

## yat_vs_spherical_yat
#   corr: 0.9968337240758876
#   rel_l2: 0.07962014526128769

## spherical_yat_vs_slay
#   corr: 0.6396661056947784
#   rel_l2: 0.7714411616325378

## attention_row_positions
# Shape: (64,), dtype: int64
# Values: [0, 1, 2, 3, 4, 5, 6, 7, 8, 9, 10, 11, 12, 13, 14, 15, 16, 17, 18, 19, 20, 21, 22, 23, 24, 25, 26, 27, 28, 29, 30, 31, 32, 33, 34, 35, 36, 37, 38, 39, 40, 41, 42, 43, 44, 45, 46, 47, 48, 49, 50, 51, 52, 53, 54, 55, 56, 57, 58, 59, 60, 61, 62, 63]

## yat_attention_row
# Shape: (64,), dtype: float32
# Values: [0.04236804321408272, 0.0033328253775835037, 0.01300779264420271, 0.01926269754767418, 0.005771961994469166, 0.05017593502998352, 0.08587734401226044, 0.0029373220168054104, 0.029840921983122826, 0.02141783945262432, 0.006978323217481375, 0.061540789902210236, 0.013310793787240982, 0.0013271283823996782, 0.03805048018693924, 2.9769867069262546e-06, 0.019012238830327988, 0.0029529437888413668, 0.10321201384067535, 0.10534151643514633, 0.0002920127008110285, 0.0017026191344484687, 0.13327710330486298, 0.015525707975029945, 1.4057205589779187e-05, 0.022052060812711716, 0.13438987731933594, 0.020801393315196037, 0.0015527749201282859, 0.012746090069413185, 0.024738097563385963, 0.006651219911873341, 0.0005350220017135143, 0.0, 0.0, 0.0, 0.0, 0.0, 0.0, 0.0, 0.0, 0.0, 0.0, 0.0, 0.0, 0.0, 0.0, 0.0, 0.0, 0.0, 0.0, 0.0, 0.0, 0.0, 0.0, 0.0, 0.0, 0.0, 0.0, 0.0, 0.0, 0.0, 0.0, 0.0]

## slay_attention_row
# Shape: (64,), dtype: float32
# Values: [0.02860088273882866, 0.01003321260213852, 0.01921868324279785, 0.023341527208685875, 0.009100532159209251, 0.005789346061646938, 0.05032234266400337, 0.00641352403908968, 0.07903970777988434, 0.016839303076267242, 0.01909545622766018, 0.0191220510751009, 0.058954183012247086, 0.01570105366408825, 0.059434033930301666, 0.030684590339660645, 0.0444817841053009, 0.008457425981760025, 0.03881176561117172, 0.036166492849588394, 0.01772080361843109, 0.03570815548300743, 0.10860582441091537, 0.009411142207682133, 0.04010362923145294, 0.05958102270960808, 0.01597001776099205, 0.01312241330742836, 0.011149062775075436, 0.030261699110269547, 0.043952930718660355, 0.013176197186112404, 0.021588975563645363, 0.0, 0.0, 0.0, 0.0, 0.0, 0.0, 0.0, 0.0, 0.0, 0.0, 0.0, 0.0, 0.0, 0.0, 0.0, 0.0, 0.0, 0.0, 0.0, 0.0, 0.0, 0.0, 0.0, 0.0, 0.0, 0.0, 0.0, 0.0, 0.0, 0.0, 0.0]

