# SLAY Visualization Data Log
# Generated: 2026-01-28T05:46:21.959762
# Description: Quadrature convergence: error vs number of nodes
#============================================================

## R_values
# Shape: (7,), dtype: int64
# Values: [1, 2, 3, 5, 8, 10, 15]

## mean_relative_errors
# Shape: (7,), dtype: float64
# Values: [0.15364456186136588, 0.04651306140862037, 0.02074987900541462, 0.006000971751094705, 0.0012444409659597968, 0.0004730102143420631, 4.812087086243458e-05]

## x_values
# Shape: (100,), dtype: float64
# Values: [-0.9, -0.8818181818181818, -0.8636363636363636, -0.8454545454545455, -0.8272727272727273, -0.8090909090909091, -0.7909090909090909, -0.7727272727272727, -0.7545454545454546, -0.7363636363636363, -0.7181818181818183, -0.7000000000000001, -0.6818181818181819, -0.6636363636363637, -0.6454545454545455, -0.6272727272727273, -0.6090909090909091, -0.5909090909090909, -0.5727272727272728, -0.5545454545454546, -0.5363636363636364, -0.5181818181818183, -0.5, -0.48181818181818187, -0.4636363636363637, -0.4454545454545455, -0.4272727272727273, -0.4090909090909091, -0.390909090909091, -0.3727272727272728, -0.3545454545454546, -0.3363636363636364, -0.31818181818181823, -0.30000000000000004, -0.28181818181818186, -0.26363636363636367, -0.24545454545454548, -0.2272727272727273, -0.2090909090909091, -0.19090909090909092, -0.17272727272727273, -0.15454545454545465, -0.13636363636363646, -0.11818181818181828, -0.10000000000000009, -0.0818181818181819, -0.06363636363636371, -0.045454545454545525, -0.027272727272727337, -0.00909090909090915, 0.009090909090909038, 0.027272727272727226, 0.045454545454545414, 0.0636363636363636, 0.08181818181818179, 0.09999999999999998, 0.11818181818181805, 0.13636363636363635, 0.15454545454545443, 0.17272727272727273, 0.1909090909090908, 0.2090909090909091, 0.22727272727272718, 0.24545454545454548, 0.26363636363636356, 0.28181818181818163, 0.29999999999999993, 0.318181818181818, 0.3363636363636363, 0.3545454545454544, 0.3727272727272727, 0.39090909090909076, 0.40909090909090906, 0.42727272727272714, 0.44545454545454544, 0.4636363636363635, 0.4818181818181818, 0.4999999999999999, 0.5181818181818182, 0.5363636363636363, 0.5545454545454546, 0.5727272727272726, 0.5909090909090907, 0.609090909090909, 0.6272727272727271, 0.6454545454545454, 0.6636363636363635, 0.6818181818181818, 0.6999999999999998, 0.7181818181818181, 0.7363636363636362, 0.7545454545454545, 0.7727272727272726, 0.7909090909090909, 0.809090909090909, 0.8272727272727273, 0.8454545454545453, 0.8636363636363634, 0.8818181818181817, 0.9]

## exact_kernel
# Shape: (100,), dtype: float64
# Values: [0.21259842519685043, 0.20606206609579295, 0.19957541850025431, 0.19313994774569573, 0.18675717733023614, 0.1804286918293433, 0.17415613998757506, 0.16794123800004648, 0.16178577299734628, 0.15569160674877197, 0.14966067960000962, 0.1436950146627566, 0.1377967222752995, 0.1319680047547114, 0.12621116146315817, 0.12052859421280475, 0.1149228130360206, 0.10939644235001686, 0.10395222754773319, 0.09859304204976022, 0.09332189485536582, 0.08814193863432901, 0.08305647840531562, 0.07806898085100471, 0.07318308432514563, 0.06840260961226177, 0.06373157150688095, 0.05917419128605243, 0.05473491015659693, 0.05041840376713358, 0.0462295978845628, 0.04217368534549153, 0.038256144405234074, 0.03448275862068967, 0.030859638418804805, 0.02739324451972249, 0.024090413403390507, 0.02095838503068308, 0.018004833055375927, 0.01523789779205971, 0.012666222237816216, 0.010298991482840967, 0.008145975887911385, 0.006217578455538806, 0.0045248868778280625, 0.0030797308087145035, 0.0018947449827926269, 0.000983438889107434, 0.00036027380809415326, 4.0748135772788916e-05, 4.149205427160651e-05, 0.0003803727653100025, 0.0010766116876964797, 0.0021509152363811926, 0.0036256210554585716, 0.005524861878453037, 0.00787474954568751, 0.01070358213215356, 0.014042077644429307, 0.017923638349635077, 0.02238465052535402, 0.027464825294636837, 0.03320758726953932, 0.03966051901419946, 0.04687587091020565, 0.05491114793440367, 0.06382978723404252, 0.07370194332470961, 0.08460540139669981, 0.09662664379645501, 0.10986210051630611, 0.12441962182894814, 0.14042022051175368, 0.1580001430512838, 0.17731334465696774, 0.19853446301809013, 0.2218624121317432, 0.2475247524752474, 0.27578304048892294, 0.3069394233312758, 0.34134483074947264, 0.3794092342988241, 0.42161460932042677, 0.4685314685314685, 0.5208401706596648, 0.5793586944029422, 0.6450792882217644, 0.7192174913693902, 0.8032786885245896, 0.8991499783892812, 1.0092293493308717, 1.1366111202771823, 1.2853584771392985, 1.4609148812970476, 1.670744568656401, 1.9253661939083944, 2.24009324009324, 2.6381175095001432, 3.156323381415632, 3.857142857142862]

